1024 5
0 1000
1 1000
2 1000
3 1000
4 1000
0 0 0
1 1 1
2 2 2
3 3 3
4 4 4
5 5 0
6 6 1
7 7 2
8 8 3
9 9 4
10 10 0
11 11 1
12 12 2
13 13 3
14 14 4
15 15 0
16 16 1
17 17 2
18 18 3
19 19 4
20 20 0
21 21 1
22 22 2
23 23 3
24 24 4
25 25 0
26 26 1
27 27 2
28 28 3
29 29 4
30 30 0
31 31 1
32 32 2
33 33 3
34 34 4
35 35 0
36 36 1
37 37 2
38 38 3
39 39 4
40 40 0
41 41 1
42 42 2
43 43 3
44 44 4
45 45 0
46 46 1
47 47 2
48 48 3
49 49 4
50 50 0
51 51 1
52 52 2
53 53 3
54 54 4
55 55 0
56 56 1
57 57 2
58 58 3
59 59 4
60 60 0
61 61 1
62 62 2
63 63 3
64 64 4
65 65 0
66 66 1
67 67 2
68 68 3
69 69 4
70 70 0
71 71 1
72 72 2
73 73 3
74 74 4
75 75 0
76 76 1
77 77 2
78 78 3
79 79 4
80 80 0
81 81 1
82 82 2
83 83 3
84 84 4
85 85 0
86 86 1
87 87 2
88 88 3
89 89 4
90 90 0
91 91 1
92 92 2
93 93 3
94 94 4
95 95 0
96 96 1
97 97 2
98 98 3
99 99 4
100 100 0
101 101 1
102 102 2
103 103 3
104 104 4
105 105 0
106 106 1
107 107 2
108 108 3
109 109 4
110 110 0
111 111 1
112 112 2
113 113 3
114 114 4
115 115 0
116 116 1
117 117 2
118 118 3
119 119 4
120 120 0
121 121 1
122 122 2
123 123 3
124 124 4
125 125 0
126 126 1
127 127 2
128 128 3
129 129 4
130 130 0
131 131 1
132 132 2
133 133 3
134 134 4
135 135 0
136 136 1
137 137 2
138 138 3
139 139 4
140 140 0
141 141 1
142 142 2
143 143 3
144 144 4
145 145 0
146 146 1
147 147 2
148 148 3
149 149 4
150 150 0
151 151 1
152 152 2
153 153 3
154 154 4
155 155 0
156 156 1
157 157 2
158 158 3
159 159 4
160 160 0
161 161 1
162 162 2
163 163 3
164 164 4
165 165 0
166 166 1
167 167 2
168 168 3
169 169 4
170 170 0
171 171 1
172 172 2
173 173 3
174 174 4
175 175 0
176 176 1
177 177 2
178 178 3
179 179 4
180 180 0
181 181 1
182 182 2
183 183 3
184 184 4
185 185 0
186 186 1
187 187 2
188 188 3
189 189 4
190 190 0
191 191 1
192 192 2
193 193 3
194 194 4
195 195 0
196 196 1
197 197 2
198 198 3
199 199 4
200 200 0
201 201 1
202 202 2
203 203 3
204 204 4
205 205 0
206 206 1
207 207 2
208 208 3
209 209 4
210 210 0
211 211 1
212 212 2
213 213 3
214 214 4
215 215 0
216 216 1
217 217 2
218 218 3
219 219 4
220 220 0
221 221 1
222 222 2
223 223 3
224 224 4
225 225 0
226 226 1
227 227 2
228 228 3
229 229 4
230 230 0
231 231 1
232 232 2
233 233 3
234 234 4
235 235 0
236 236 1
237 237 2
238 238 3
239 239 4
240 240 0
241 241 1
242 242 2
243 243 3
244 244 4
245 245 0
246 246 1
247 247 2
248 248 3
249 249 4
250 250 0
251 251 1
252 252 2
253 253 3
254 254 4
255 255 0
256 256 1
257 257 2
258 258 3
259 259 4
260 260 0
261 261 1
262 262 2
263 263 3
264 264 4
265 265 0
266 266 1
267 267 2
268 268 3
269 269 4
270 270 0
271 271 1
272 272 2
273 273 3
274 274 4
275 275 0
276 276 1
277 277 2
278 278 3
279 279 4
280 280 0
281 281 1
282 282 2
283 283 3
284 284 4
285 285 0
286 286 1
287 287 2
288 288 3
289 289 4
290 290 0
291 291 1
292 292 2
293 293 3
294 294 4
295 295 0
296 296 1
297 297 2
298 298 3
299 299 4
300 300 0
301 301 1
302 302 2
303 303 3
304 304 4
305 305 0
306 306 1
307 307 2
308 308 3
309 309 4
310 310 0
311 311 1
312 312 2
313 313 3
314 314 4
315 315 0
316 316 1
317 317 2
318 318 3
319 319 4
320 320 0
321 321 1
322 322 2
323 323 3
324 324 4
325 325 0
326 326 1
327 327 2
328 328 3
329 329 4
330 330 0
331 331 1
332 332 2
333 333 3
334 334 4
335 335 0
336 336 1
337 337 2
338 338 3
339 339 4
340 340 0
341 341 1
342 342 2
343 343 3
344 344 4
345 345 0
346 346 1
347 347 2
348 348 3
349 349 4
350 350 0
351 351 1
352 352 2
353 353 3
354 354 4
355 355 0
356 356 1
357 357 2
358 358 3
359 359 4
360 360 0
361 361 1
362 362 2
363 363 3
364 364 4
365 365 0
366 366 1
367 367 2
368 368 3
369 369 4
370 370 0
371 371 1
372 372 2
373 373 3
374 374 4
375 375 0
376 376 1
377 377 2
378 378 3
379 379 4
380 380 0
381 381 1
382 382 2
383 383 3
384 384 4
385 385 0
386 386 1
387 387 2
388 388 3
389 389 4
390 390 0
391 391 1
392 392 2
393 393 3
394 394 4
395 395 0
396 396 1
397 397 2
398 398 3
399 399 4
400 400 0
401 401 1
402 402 2
403 403 3
404 404 4
405 405 0
406 406 1
407 407 2
408 408 3
409 409 4
410 410 0
411 411 1
412 412 2
413 413 3
414 414 4
415 415 0
416 416 1
417 417 2
418 418 3
419 419 4
420 420 0
421 421 1
422 422 2
423 423 3
424 424 4
425 425 0
426 426 1
427 427 2
428 428 3
429 429 4
430 430 0
431 431 1
432 432 2
433 433 3
434 434 4
435 435 0
436 436 1
437 437 2
438 438 3
439 439 4
440 440 0
441 441 1
442 442 2
443 443 3
444 444 4
445 445 0
446 446 1
447 447 2
448 448 3
449 449 4
450 450 0
451 451 1
452 452 2
453 453 3
454 454 4
455 455 0
456 456 1
457 457 2
458 458 3
459 459 4
460 460 0
461 461 1
462 462 2
463 463 3
464 464 4
465 465 0
466 466 1
467 467 2
468 468 3
469 469 4
470 470 0
471 471 1
472 472 2
473 473 3
474 474 4
475 475 0
476 476 1
477 477 2
478 478 3
479 479 4
480 480 0
481 481 1
482 482 2
483 483 3
484 484 4
485 485 0
486 486 1
487 487 2
488 488 3
489 489 4
490 490 0
491 491 1
492 492 2
493 493 3
494 494 4
495 495 0
496 496 1
497 497 2
498 498 3
499 499 4
500 500 0
501 501 1
502 502 2
503 503 3
504 504 4
505 505 0
506 506 1
507 507 2
508 508 3
509 509 4
510 510 0
511 511 1
512 512 2
513 513 3
514 514 4
515 515 0
516 516 1
517 517 2
518 518 3
519 519 4
520 520 0
521 521 1
522 522 2
523 523 3
524 524 4
525 525 0
526 526 1
527 527 2
528 528 3
529 529 4
530 530 0
531 531 1
532 532 2
533 533 3
534 534 4
535 535 0
536 536 1
537 537 2
538 538 3
539 539 4
540 540 0
541 541 1
542 542 2
543 543 3
544 544 4
545 545 0
546 546 1
547 547 2
548 548 3
549 549 4
550 550 0
551 551 1
552 552 2
553 553 3
554 554 4
555 555 0
556 556 1
557 557 2
558 558 3
559 559 4
560 560 0
561 561 1
562 562 2
563 563 3
564 564 4
565 565 0
566 566 1
567 567 2
568 568 3
569 569 4
570 570 0
571 571 1
572 572 2
573 573 3
574 574 4
575 575 0
576 576 1
577 577 2
578 578 3
579 579 4
580 580 0
581 581 1
582 582 2
583 583 3
584 584 4
585 585 0
586 586 1
587 587 2
588 588 3
589 589 4
590 590 0
591 591 1
592 592 2
593 593 3
594 594 4
595 595 0
596 596 1
597 597 2
598 598 3
599 599 4
600 600 0
601 601 1
602 602 2
603 603 3
604 604 4
605 605 0
606 606 1
607 607 2
608 608 3
609 609 4
610 610 0
611 611 1
612 612 2
613 613 3
614 614 4
615 615 0
616 616 1
617 617 2
618 618 3
619 619 4
620 620 0
621 621 1
622 622 2
623 623 3
624 624 4
625 625 0
626 626 1
627 627 2
628 628 3
629 629 4
630 630 0
631 631 1
632 632 2
633 633 3
634 634 4
635 635 0
636 636 1
637 637 2
638 638 3
639 639 4
640 640 0
641 641 1
642 642 2
643 643 3
644 644 4
645 645 0
646 646 1
647 647 2
648 648 3
649 649 4
650 650 0
651 651 1
652 652 2
653 653 3
654 654 4
655 655 0
656 656 1
657 657 2
658 658 3
659 659 4
660 660 0
661 661 1
662 662 2
663 663 3
664 664 4
665 665 0
666 666 1
667 667 2
668 668 3
669 669 4
670 670 0
671 671 1
672 672 2
673 673 3
674 674 4
675 675 0
676 676 1
677 677 2
678 678 3
679 679 4
680 680 0
681 681 1
682 682 2
683 683 3
684 684 4
685 685 0
686 686 1
687 687 2
688 688 3
689 689 4
690 690 0
691 691 1
692 692 2
693 693 3
694 694 4
695 695 0
696 696 1
697 697 2
698 698 3
699 699 4
700 700 0
701 701 1
702 702 2
703 703 3
704 704 4
705 705 0
706 706 1
707 707 2
708 708 3
709 709 4
710 710 0
711 711 1
712 712 2
713 713 3
714 714 4
715 715 0
716 716 1
717 717 2
718 718 3
719 719 4
720 720 0
721 721 1
722 722 2
723 723 3
724 724 4
725 725 0
726 726 1
727 727 2
728 728 3
729 729 4
730 730 0
731 731 1
732 732 2
733 733 3
734 734 4
735 735 0
736 736 1
737 737 2
738 738 3
739 739 4
740 740 0
741 741 1
742 742 2
743 743 3
744 744 4
745 745 0
746 746 1
747 747 2
748 748 3
749 749 4
750 750 0
751 751 1
752 752 2
753 753 3
754 754 4
755 755 0
756 756 1
757 757 2
758 758 3
759 759 4
760 760 0
761 761 1
762 762 2
763 763 3
764 764 4
765 765 0
766 766 1
767 767 2
768 768 3
769 769 4
770 770 0
771 771 1
772 772 2
773 773 3
774 774 4
775 775 0
776 776 1
777 777 2
778 778 3
779 779 4
780 780 0
781 781 1
782 782 2
783 783 3
784 784 4
785 785 0
786 786 1
787 787 2
788 788 3
789 789 4
790 790 0
791 791 1
792 792 2
793 793 3
794 794 4
795 795 0
796 796 1
797 797 2
798 798 3
799 799 4
800 800 0
801 801 1
802 802 2
803 803 3
804 804 4
805 805 0
806 806 1
807 807 2
808 808 3
809 809 4
810 810 0
811 811 1
812 812 2
813 813 3
814 814 4
815 815 0
816 816 1
817 817 2
818 818 3
819 819 4
820 820 0
821 821 1
822 822 2
823 823 3
824 824 4
825 825 0
826 826 1
827 827 2
828 828 3
829 829 4
830 830 0
831 831 1
832 832 2
833 833 3
834 834 4
835 835 0
836 836 1
837 837 2
838 838 3
839 839 4
840 840 0
841 841 1
842 842 2
843 843 3
844 844 4
845 845 0
846 846 1
847 847 2
848 848 3
849 849 4
850 850 0
851 851 1
852 852 2
853 853 3
854 854 4
855 855 0
856 856 1
857 857 2
858 858 3
859 859 4
860 860 0
861 861 1
862 862 2
863 863 3
864 864 4
865 865 0
866 866 1
867 867 2
868 868 3
869 869 4
870 870 0
871 871 1
872 872 2
873 873 3
874 874 4
875 875 0
876 876 1
877 877 2
878 878 3
879 879 4
880 880 0
881 881 1
882 882 2
883 883 3
884 884 4
885 885 0
886 886 1
887 887 2
888 888 3
889 889 4
890 890 0
891 891 1
892 892 2
893 893 3
894 894 4
895 895 0
896 896 1
897 897 2
898 898 3
899 899 4
900 900 0
901 901 1
902 902 2
903 903 3
904 904 4
905 905 0
906 906 1
907 907 2
908 908 3
909 909 4
910 910 0
911 911 1
912 912 2
913 913 3
914 914 4
915 915 0
916 916 1
917 917 2
918 918 3
919 919 4
920 920 0
921 921 1
922 922 2
923 923 3
924 924 4
925 925 0
926 926 1
927 927 2
928 928 3
929 929 4
930 930 0
931 931 1
932 932 2
933 933 3
934 934 4
935 935 0
936 936 1
937 937 2
938 938 3
939 939 4
940 940 0
941 941 1
942 942 2
943 943 3
944 944 4
945 945 0
946 946 1
947 947 2
948 948 3
949 949 4
950 950 0
951 951 1
952 952 2
953 953 3
954 954 4
955 955 0
956 956 1
957 957 2
958 958 3
959 959 4
960 960 0
961 961 1
962 962 2
963 963 3
964 964 4
965 965 0
966 966 1
967 967 2
968 968 3
969 969 4
970 970 0
971 971 1
972 972 2
973 973 3
974 974 4
975 975 0
976 976 1
977 977 2
978 978 3
979 979 4
980 980 0
981 981 1
982 982 2
983 983 3
984 984 4
985 985 0
986 986 1
987 987 2
988 988 3
989 989 4
990 990 0
991 991 1
992 992 2
993 993 3
994 994 4
995 995 0
996 996 1
997 997 2
998 998 3
999 999 4
1000 1000 0
1001 1001 1
1002 1002 2
1003 1003 3
1004 1004 4
1005 1005 0
1006 1006 1
1007 1007 2
1008 1008 3
1009 1009 4
1010 1010 0
1011 1011 1
1012 1012 2
1013 1013 3
1014 1014 4
1015 1015 0
1016 1016 1
1017 1017 2
1018 1018 3
1019 1019 4
1020 1020 0
1021 1021 1
1022 1022 2
1023 1023 3
